D:\CloudStation\遠東醫電\[A002K]彰基\彰基個管端程式_V7.1\專案相關資料\AccuChek\執行檔>AccuChek.exe COM4
Send:B Recv:B
Send:D Recv:6  2  30  36  9  30  30  46  46  9  36  45  4
Send:6 Recv:6

Send:B Recv:B
Send:D Recv:6  2  30  36  9  30  30  30  30  9  36  45  4
Send:6 Recv:6

讀取memory 筆數
Send:60 Recv:60
Send:D Recv:6  2  30  35  9  30  30  35  9  35  42  4
Send:6 Recv:6

memory 共有 5 筆資料
///////////////////////////////////
Send:B Recv:B
Send:D Recv:6  2  30  36  9  30  30  30  30  9  36  45  4
Send:6 Recv:6

讀取 第 1 筆資料
Send:61 Recv:61
Send:9 Recv:9
Send:31 Recv:31
Send:9 Recv:9
Send:31 Recv:31
Send:D Recv:6  2  31  42  9  30  39  39  9  31  30  30  33  9  31  36  30  34  30  32  9  30  30  30  30  30  30  30  30  9  9  35  44  4
Send:6 Recv:6

///////////////////////////////////
Send:B Recv:B
Send:D Recv:6  2  30  36  9  30  30  30  30  9  36  45  4
Send:6 Recv:6

讀取 第 2 筆資料
Send:61 Recv:61
Send:9 Recv:9
Send:32 Recv:32
Send:9 Recv:9
Send:32 Recv:32
Send:D Recv:6  2  31  42  9  32  35  38  9  30  39  35  30  9  31  36  30  34  30  32  9  30  30  30  30  30  30  30  30  9  9  35  43  4
Send:6 Recv:6

///////////////////////////////////
Send:B Recv:B
Send:D Recv:6  2  30  36  9  30  30  30  30  9  36  45  4
Send:6 Recv:6

讀取 第 3 筆資料
Send:61 Recv:61
Send:9 Recv:9
Send:33 Recv:33
Send:9 Recv:9
Send:33 Recv:33
Send:D Recv:6  2  31  42  9  34  30  31  9  31  31  30  39  9  31  36  30  33  33  31  9  30  30  30  30  30  30  30  30  9  9  35  34  4
Send:6 Recv:6

///////////////////////////////////
Send:B Recv:B
Send:D Recv:6  2  30  36  9  30  30  30  30  9  36  45  4
Send:6 Recv:6

讀取 第 4 筆資料
Send:61 Recv:61
Send:9 Recv:9
Send:34 Recv:34
Send:9 Recv:9
Send:34 Recv:34
Send:D Recv:6  2  31  42  9  32  36  34  9  31  30  34  36  9  31  36  30  33  33  31  9  30  30  30  30  30  30  30  30  9  9  35  42  4
Send:6 Recv:6

///////////////////////////////////
Send:B Recv:B
Send:D Recv:6  2  30  36  9  30  30  30  30  9  36  45  4
Send:6 Recv:6

讀取 第 5 筆資料
Send:61 Recv:61
Send:9 Recv:9
Send:35 Recv:35
Send:9 Recv:9
Send:35 Recv:35
Send:D Recv:6  2  31  42  9  32  37  37  9  31  31  30  34  9  31  36  30  33  32  33  9  30  30  30  30  30  30  30  30  9  9  35  44  4
Send:6 Recv:6

///////////////////////////////////















------ 初始化 ------
30 36 09 30 30 30 30 09 36 45 
06	0000	6E
----- 讀取筆數 -----
60 30 35 09 30 30 35 09 35 42 
`05	005	5B
----- 讀取資料 -----
61 31 31 31 42 09 30 39 39 09 31 30 30 33 09 31 36 30 34 30 32 09 30 30 30 30 30 30 30 30 09 09 35 44 
a111B	099	1003	160402	00000000		5D
61 32 32 31 42 09 32 35 38 09 30 39 35 30 09 31 36 30 34 30 32 09 30 30 30 30 30 30 30 30 09 09 35 43 
a221B	258	0950	160402	00000000		5C
61 33 33 31 42 09 34 30 31 09 31 31 30 39 09 31 36 30 33 33 31 09 30 30 30 30 30 30 30 30 09 09 35 34 
a331B	401	1109	160331	00000000		54
61 34 34 31 42 09 32 36 34 09 31 30 34 36 09 31 36 30 33 33 31 09 30 30 30 30 30 30 30 30 09 09 35 42 
a441B	264	1046	160331	00000000		5B
61 35 35 31 42 09 32 37 37 09 31 31 30 34 09 31 36 30 33 32 33 09 30 30 30 30 30 30 30 30 09 09 35 44 
a551B	277	1104	160323	00000000		5D
